7.629501
7.593332
7.612025
7.783678
7.594521
7.786209
7.634200
7.775598
7.595494
7.598462
6.332504
6.347367
6.365637
6.340077
6.391660
6.527080
6.356318
10.442174
6.395249
6.392567
5.628911
5.912693
5.691208
5.618689
5.558122
5.449547
5.594012
5.560220
5.630077
5.587164
5.466516
5.425009
5.583614
5.606166
5.630506
5.532179
5.550319
5.274025
5.820035
4.920367
5.940537
6.363297
6.232472
5.883811
5.948553
5.946997
5.911867
5.817010
5.829480
5.954793
6.094012
6.994747
7.056581
7.211998
7.055012
7.122842
7.028894
6.824807
7.116221
6.839608
6.435318
6.503315
6.537798
6.574522
6.445545
6.471542
6.613584
6.862472
6.566787
6.553150
6.045928
6.243521
6.152920
5.869046
6.284973
5.976561
6.129742
5.959780
6.138853
6.477037
6.419253
6.231776
6.250386
6.537105
6.262472
6.255838
