37.980493

37.938062

37.950541

38.156443

37.942133

19.001762

18.992208

18.985860

18.993157

18.976836

12.654948

12.767283

12.653298

12.655195

12.648681

9.487618

9.540880

9.492334

9.496888

9.487726

7.593443

7.599657

7.692437

7.590433

7.665214

6.332240

6.464319

6.391861

6.384256

6.499021

5.621206

5.576753

5.688047

5.623560

5.567319

5.529743

5.102207

5.685399

5.302415

5.509555

6.172607

5.567977

5.933582

5.705923

5.842024

6.486279

6.809467

6.679226

6.808494

6.522295

6.656453

6.664277

6.691312

6.685010

6.450893

6.223222

6.079007

6.271999

6.302516

6.379403

6.113134

6.100291

5.943646

6.134855

6.161289

6.675391

5.828615

5.941396

5.823973

6.634807

5.757795

5.488067

5.807832

5.193448

5.643877

5.412237

5.145533

5.756703

5.321314

5.372553

5.428615

5.454592

5.265591

5.439897

5.293596

5.002696

5.311452

5.274998

5.181236

5.526693

5.014334

5.263858

5.265820

5.204211

5.325271

5.067706

5.022826

5.593236

5.124970

5.054182

5.225637

5.112079

5.042115

4.859668

5.094061

4.837395

4.729692

5.295084

4.711008

5.020701

4.627730

4.787177

4.837603

5.036530

4.569097

4.854132

5.129624

4.753440

4.819137

4.710992

5.319999

5.091881

5.227961

5.284585

5.412426

4.732207

5.750224

5.281134

5.325087

5.546870

5.119174

5.204184

5.147142

5.402306

5.045246

5.022923

5.189791

5.276137

5.371023

5.359506

5.209561

5.779869

5.388158

5.069298

5.206866

5.175072

5.202581

5.104357

5.164047

4.693343

5.195727

5.079014

5.245992

5.418433

5.442587

5.230680

5.065245

5.216643

5.290041

5.574686

