42.448976
45.651930
43.708812
43.394760
42.432300
42.448335
42.433423
42.437618
42.439695
42.427244
21.760754
21.493485
21.402775
21.400606
21.432431
21.431566
21.416518
21.412441
21.408493
21.401109
14.341462
14.638786
14.341992
14.338509
14.329788
14.341524
14.340177
14.345118
14.343125
14.845826
10.820894
10.835048
10.849474
10.836877
10.822518
10.843981
10.884101
10.825396
10.893496
10.833358
8.848915
8.864037
8.860065
8.827739
8.839311
8.877964
8.887770
8.836967
8.849813
9.000573
7.559544
7.580793
7.420990
7.454675
7.584753
7.477307
7.493031
7.448956
7.741142
7.690517
6.634817
6.980353
6.842677
7.155042
6.989895
6.628388
6.750536
7.859911
6.897328
6.733325
13.531351
13.206489
14.051313
19.267949
16.517110
15.646140
11.759215
11.496833
11.806466
13.146865
17.216513
17.198584
17.222420
17.216513
17.197809
17.240735
17.243809
17.229716
17.233685
17.447548
15.813901
15.959709
15.655600
15.659083
15.624103
15.586638
15.598266
15.646028
15.652440
15.627894
14.540433
14.433120
14.409876
14.391733
14.485708
14.363224
14.384807
14.417981
14.380699
15.191650
13.814592
13.804963
13.839350
13.833697
13.778837
13.780938
13.799889
13.783880
13.789261
13.786689
12.802603
12.788927
12.770403
13.782248
12.779024
12.765448
12.759513
12.803424
12.767315
12.796769
11.980732
11.929782
11.935224
12.010496
12.078763
11.985696
12.022751
11.942434
11.955271
12.042911
11.182355
11.232905
11.222826
11.268728
11.332796
11.550733
11.207457
11.246815
11.180914
11.272390
10.568841
10.664719
10.660234
10.650149
10.650777
10.707992
11.140278
10.704913
10.874106
10.668129
10.166286
10.340151
10.508471
10.605377
10.174437
10.281622
10.138329
10.183123
10.404945
10.246406
9.644081
9.748982
9.988561
9.735103
9.681084
9.683815
9.806320
9.792484
10.018776
9.711124
9.397901
9.339940
9.279200
9.312898
9.319102
9.243277
9.304014
9.296590
9.302644
9.285213
8.926046
9.114301
8.901222
9.043271
8.890227
8.952185
9.233422
9.506637
9.576265
9.152347
8.815561
8.799935
9.493033
8.640108
9.061104
8.593748
8.583168
8.699146
8.627998
8.623496
9.859375
8.447502
8.376660
8.946906
8.462537
8.443205
9.494345
8.346579
8.354943
8.443544
8.963013
8.206627
8.599071
8.257635
9.788029
8.235262
8.637646
8.328025
8.983578
8.775851
20.903470
21.474744
21.849496
23.443388
21.974325
21.035845
19.843627
22.014468
21.575643
20.348906
13.824573
16.414089
13.364630
13.045408
13.942664
12.103790
16.884262
10.769099
15.306121
14.253032
16.682831
17.892120
14.448780
15.434206
15.530465
16.469970
13.196567
17.395228
12.278758
15.728127
17.232823
17.544355
19.141962
17.615830
14.924628
16.648178
18.053101
21.716189
19.214634
15.907929
18.403436
16.841539
19.293195
16.793569
18.093950
18.049257
18.109373
17.538486
18.024425
18.135349
14.980740
16.777106
20.424501
15.635991
19.704622
18.974675
19.857109
19.710051
17.600415
17.268318
24.070105
19.065283
15.350003
20.205348
19.005706
18.669175
19.239336
16.854759
15.878249
24.361905
19.473554
15.481874
16.858691
17.296701
15.855098
17.373842
17.573548
22.190039
17.651269
18.583332
17.101873
19.045318
18.524320
23.321644
18.866995
16.365805
16.700300
22.137115
21.588101
27.788861
