35385

35396

35384

35377

35374

35382

35389

35361

35382

35378

17708

17756

17716

17709

17711

17722

17709

17711

18013

17734

13891

13894

13887

13892

13900

13887

13895

13914

13881

13884

8258

8257

8256

8256

8258

8255

8255

8255

8256

8908

4636

4508

4883

4693

5215

5240

4724

4763

4499

4833

2951

2999

2840

2780

2836

2914

3163

2969

2895

3216

2331

2307

2539

2409

2436

2491

2327

2392

2397

2435

2086

2110

2106

2148

2073

2142

2225

2153

2167

2146

