37.940489

37.994936

37.961217

37.935099

37.927635

37.926831

37.929854

37.925722

37.934748

37.927217

18.995990

18.984838

18.975133

18.970531

19.140699

18.975882

18.966373

18.969696

18.972627

18.967247

12.646744

12.645673

12.643112

12.645032

12.646745

12.654426

12.685019

12.646433

12.648771

12.660600

9.517899

9.494088

9.849489

9.487309

9.486711

9.508885

9.487355

9.588967

9.490857

9.493350

7.635158

7.604713

7.597077

7.596897

7.592802

7.596611

8.067916

7.588690

7.591597

7.589730

6.434655

6.353913

6.388129

6.371188

6.487977

6.349625

6.485970

6.330640

6.331527

6.385460

5.503758

5.515373

5.474524

5.466917

5.463768

5.423559

5.540874

5.429535

5.539893

5.513956

4.967639

4.860431

4.942893

4.969650

4.983879

4.812090

4.817290

5.001987

5.323782

5.137323

5.608982

5.946849

6.151427

6.032044

6.181316

6.031730

6.299179

6.541094

6.355289

5.947885

7.638397

7.053607

6.799057

7.226838

6.592912

7.026360

7.203815

6.960174

6.656951

6.484089

6.712625

6.325716

6.543646

6.605541

6.568074

6.509406

6.460353

6.495619

6.879097

6.618520

7.141764

6.139974

5.947425

6.261725

6.337850

6.469581

6.228818

6.471128

5.980353

6.143656

5.968017

6.211338

5.821945

6.154169

6.571617

5.951510

5.620811

5.886962

5.844977

5.791895

5.971273

5.517606

7.333636

5.745003

6.159481

6.101795

5.876107

6.312669

5.870725

5.390511

5.843888

5.547345

5.641907

5.953876

5.493284

6.401519

5.483518

6.134609

5.808797

5.684370

5.932113

5.516517

5.652819

5.561846

5.489806

5.481527

5.582586

5.325807

5.099083

5.682437

5.447028

5.960414

5.753945

6.001807

5.702905

6.244641

5.307725

5.867316

5.876239

5.861310

5.419525

5.595472

5.774773

5.154258

5.405904

5.704663

5.475271

5.214959

5.560055

5.843475

5.408372

5.213735

5.453292

5.378956

5.681915

5.290082

5.253915

5.203510

5.392240

5.685335

5.282206

5.711339

6.021111

5.517454

5.168604

5.947239

5.865741

5.294708

5.583241

5.313122

5.397797

5.893462

5.496443

5.500249

5.535952

5.237124

5.962319

5.548396

5.197295

4.896145

5.562269

5.187857

5.200176

5.129282

5.581134

6.482437

4.869431

4.942966

5.251002

5.585035

5.186854

5.264519

5.289794

5.115984

5.475722

5.353818

5.015114

5.292473

5.197952

5.994966

5.292826

4.857054

5.031602

5.154998

4.989721

5.245242

4.671277

4.804009

5.103045

5.353922

5.142352

5.108063

5.457444

5.014111

5.313100

5.279713

5.145026

5.079802

5.151047

5.806008

5.158205

5.426802

5.182964

5.264036

5.153636

5.351984

5.200438

5.155358

5.388174

5.349111

5.478862

5.142112

5.251917

5.242510

5.088780

5.348039

5.240053

5.296571

5.252932

5.621927

5.506037

5.414325

5.685335

5.386227

5.472953

5.428201

5.195300

5.582317

5.432241

4.970798

5.178386

5.129608

5.300534

5.373826

5.097064

5.101344

5.068835

5.046925

5.407052

5.345227

5.256832

5.233447

5.296140

5.101243

5.431401

5.369210

5.129421

5.551178

5.356537

5.340681

5.371143

5.363587

5.286890

4.971945

5.071146

5.158086

5.581903

5.061205

5.472013

5.464885

5.156886

5.179727

5.525591

5.256697

5.373211

5.252804

5.265446

5.455556

5.027094

5.376128

