38.001869
37.960400
37.922054
37.920797
37.920385
37.922057
37.923050
37.931558
37.958373
37.927310
18.965635
18.964879
18.962874
18.964698
18.962752
18.969360
19.450659
18.984002
18.963043
18.978682
12.692933
12.642152
12.644560
12.663172
12.659666
12.648883
12.662694
12.648802
12.644296
12.643536
9.484040
9.491443
9.486269
9.535418
9.492541
9.489414
9.483046
9.484003
9.489353
9.726794
7.594397
7.593807
7.600074
7.589387
7.783096
7.597330
7.589295
7.587980
7.601305
7.594491
6.346540
6.330584
6.327995
6.328632
6.337710
6.324937
6.330582
6.328138
6.332535
6.338415
5.562052
5.562309
5.481543
5.851548
5.439578
5.425998
5.424322
15.759623
5.430882
5.430608
4.759912
4.800471
4.752004
4.776460
4.922691
4.772446
5.087820
4.761469
4.751669
4.806883
6.335497
5.788054
6.043153
5.639422
6.647843
5.627743
6.224662
6.438970
5.946685
6.439132
6.974581
7.365875
7.168165
7.257012
7.204063
7.167718
6.937349
8.475778
6.940055
7.225930
6.773944
6.762442
6.604106
7.013594
6.740230
6.546656
6.866600
6.668839
6.439013
6.839909
6.654992
6.038265
6.897601
6.703058
7.509181
6.625368
6.434371
5.945115
6.602379
8.549753
6.652823
5.927715
6.182247
6.228903
6.644202
6.149826
5.917802
6.131607
6.023663
5.925174
6.042221
5.847496
6.019735
7.689988
5.919616
5.949278
6.836072
6.808813
6.185052
6.137324
6.206058
5.663802
6.403179
6.334632
6.082307
6.293046
6.276580
6.144188
5.638133
6.555752
6.176270
6.055549
5.977559
5.815653
5.855138
5.522713
5.409193
5.605105
6.083209
5.855275
5.996728
5.785769
5.838319
5.675990
5.501694
6.423269
6.271427
6.607495
5.728470
5.856823
5.880759
6.117141
5.972660
6.292424
5.694557
5.751754
5.923231
6.041193
5.894545
6.292416
5.784662
5.558603
6.003469
5.545830
5.912155
5.709091
5.690671
5.828058
5.959841
5.751787
5.824143
5.438760
5.731589
5.544486
5.774174
5.721304
5.360356
5.422224
6.050448
5.626288
5.530983
5.494818
5.564420
5.662954
5.294997
5.556514
5.086057
5.440264
5.488456
5.239756
5.404157
5.637517
5.488932
5.356823
5.423568
5.149912
5.693196
5.609379
4.990951
5.235405
5.659190
4.722179
5.304694
4.873560
5.226524
5.336730
4.728200
5.179818
5.604974
5.427928
5.617924
4.962130
5.098593
5.399345
5.505873
5.301536
5.306702
5.019683
5.494979
5.051032
5.332778
5.390776
5.292624
5.546304
5.056189
5.234578
5.622225
5.196302
5.780514
5.177172
5.596383
5.394777
4.981934
5.454918
5.272712
5.416974
5.394397
5.417345
5.313027
5.432598
5.300975
5.439344
5.415708
5.487529
5.516660
5.349487
5.468206
5.416064
5.456501
5.155764
5.387885
5.416087
5.361509
5.395286
5.355337
5.490540
5.342077
5.425039
5.511201
5.300486
5.317476
5.285781
5.318002
5.188975
5.437805
5.132328
5.397502
5.384246
5.473476
5.310484
5.213428
5.473004
5.403102
5.317919
5.407868
5.365561
5.167078
5.163499
5.023555
4.976193
5.231988
5.371348
5.346515
5.263220
5.152769
5.452156
5.370748
5.699122
5.292965
5.603095
5.107890
5.421764
5.068731
5.260738
5.171372
5.091829
5.245028
5.296830
5.467481
4.793936
