35689

35615

36333

35689

35683

35609

35680

36524

35686

35615

17818

17811

17810

17821

17824

17813

17908

17823

17816

17820

8913

8913

8909

8908

8920

8920

8916

8915

8917

8917

4480

4467

4471

4464

4467

4473

4474

4469

4466

4463

2720

2706

2740

2735

2698

2743

2714

2705

2716

2746

2024

1967

1991

1941

2042

1940

1982

1942

2051

1942

1989

1958

2002

1915

1940

1979

1965

1957

1990

1951

1968

1956

1949

1960

1953

1953

1967

1963

1963

1958

