35649

35619

35639

35635

35628

35653

35620

35612

35614

35615

17808

18034

17831

18042

18038

18287

18071

17808

17820

17811

8910

9021

8914

8914

8915

8913

8963

8912

8919

8925

4470

4473

4464

4471

4468

4469

4467

4473

4469

4466

2730

2716

2741

2731

2710

2701

2714

2755

2718

2745

2042

1953

1993

2007

2014

1992

1949

1948

1969

1984

1989

1942

1999

1945

1976

1959

1945

1983

2017

1920

1964

1955

1953

1963

1965

1963

1962

1967

1968

1974

